Dist = 0.0005338418781115988, newLambda = 0.4, newGamma = 0.5047050186707885 
StartPt = [ 5.90833445e-01 -1.04707727e-07  2.67219422e+00  6.15256549e-06] 
