Dist = 0.0005702604452957269, newLambda = 0.75, newGamma = 0.8416972366763719 
StartPt = [1.11027192e+00 1.05633030e-07 2.23473746e+00 4.32837996e-06] 
newStartPt = [ 1.01027192e+00 -9.99998944e-02  2.23473746e+00  4.32837996e-06] 
