Dist = 0.004563153123731331, newLambda = 0.47, newGamma = 0.5828618032642963 
StartPt = [ 6.94190939e-01 -6.90897986e-08  2.58775781e+00  5.87861771e-06] 
