Dist = 0.00063464430960777, newLambda = 0.51, newGamma = 0.6254767864997088
StartPt = [ 7.53367085e-01 -4.69569870e-08  2.53891769e+00  5.70460822e-06] 
newStartPt = [ 6.53367085e-01 -1.00000047e-01  2.53891769e+00  5.70460822e-06] 
