Dist = 0.0006036804846943074, newLambda = 0.39, newGamma = 0.4931574149543682 
StartPt = [ 5.76032618e-01 -1.09466016e-07  2.68420323e+00  6.18882634e-06] 
StartPt = [ 5.76032618e-01 -1.09466016e-07  2.68420323e+00  6.18882634e-06] 
